{

/* 000 */

/*000*/     0,  110,  230,  355,  582,  801, 1227, 1701, 2471, 3403, 5071, 6940,10426,14762,23799,36754,
/*010*/   110,  258,  400,  536,  752,  980, 1397, 1843, 2645, 3574, 5207, 7082,10560,14873,23862,36757,
/*020*/   230,  400,  528,  667,  880, 1108, 1531, 1977, 2770, 3690, 5327, 7199,10671,14972,23916,36760,
/*030*/   355,  536,  667,  806, 1002, 1244, 1664, 2105, 2897, 3812, 5446, 7318,10776,15051,23970,36777,
/*040*/   582,  752,  880, 1002, 1221, 1457, 1866, 2304, 3099, 4011, 5639, 7497,10935,15202,24061,36780,
/*050*/   801,  980, 1108, 1244, 1457, 1684, 2093, 2539, 3324, 4224, 5849, 7707,11119,15378,24160,36797,
/*060*/  1227, 1397, 1531, 1664, 1866, 2093, 2505, 2943, 3707, 4616, 6230, 8062,11458,15668,24342,36803,
/*070*/  1701, 1843, 1977, 2105, 2304, 2539, 2943, 3369, 4133, 5037, 6628, 8452,11824,15992,24589,36828,
/*080*/  2471, 2645, 2770, 2897, 3099, 3324, 3707, 4133, 4903, 5775, 7344, 9153,12489,16606,25032,36891,
/*090*/  3403, 3574, 3690, 3812, 4011, 4224, 4616, 5037, 5775, 6639, 8193, 9972,13256,17330,25603,37047,
/*0A0*/  5071, 5207, 5327, 5446, 5639, 5849, 6230, 6628, 7344, 8193, 9705,11446,14659,18648,26743,37567,
/*0B0*/  6940, 7082, 7199, 7318, 7497, 7707, 8062, 8452, 9153, 9972,11446,13142,16293,20231,28118,38445,
/*0C0*/ 10426,10560,10671,10776,10935,11119,11458,11824,12489,13256,14659,16293,19381,23208,30893,40473,
/*0D0*/ 14762,14873,14972,15051,15202,15378,15668,15992,16606,17330,18648,20231,23208,26964,34385,43346,
/*0E0*/ 23799,23862,23916,23970,24061,24160,24342,24589,25032,25603,26743,28118,30893,34385,41133,49230,
/*0F0*/ 36754,36757,36760,36777,36780,36797,36803,36828,36891,37047,37567,38445,40473,43346,49230,56457,

/* 100 */

/*100*/   110,  258,  400,  536,  752,  980, 1397, 1843, 2645, 3574, 5207, 7082,10560,14873,23862,36757,
/*110*/   258,  414,  551,  681,  894, 1127, 1545, 1991, 2787, 3704, 5341, 7213,10679,14975,23918,36760,
/*120*/   400,  551,  684,  821, 1034, 1264, 1681, 2125, 2914, 3835, 5466, 7335,10787,15071,23975,36766,
/*130*/   536,  681,  821,  957, 1161, 1397, 1812, 2255, 3042, 3960, 5588, 7449,10889,15159,24021,36786,
/*140*/   752,  894, 1034, 1161, 1372, 1608, 2017, 2457, 3244, 4153, 5773, 7628,11057,15307,24109,36789,
/*150*/   980, 1127, 1264, 1397, 1608, 1838, 2244, 2684, 3466, 4369, 5986, 7835,11244,15475,24214,36800,
/*160*/  1397, 1545, 1681, 1812, 2017, 2244, 2650, 3085, 3855, 4755, 6361, 8193,11574,15770,24401,36806,
/*170*/  1843, 1991, 2125, 2255, 2457, 2684, 3085, 3517, 4281, 5173, 6761, 8577,11941,16097,24634,36831,
/*180*/  2645, 2787, 2914, 3042, 3244, 3466, 3855, 4281, 5037, 5912, 7477, 9276,12594,16696,25080,36896,
/*190*/  3574, 3704, 3835, 3960, 4153, 4369, 4755, 5173, 5912, 6773, 8318,10088,13361,17415,25637,37056,
/*1A0*/  5207, 5341, 5466, 5588, 5773, 5986, 6361, 6761, 7477, 8318, 9824,11554,14759,18731,26768,37570,
/*1B0*/  7082, 7213, 7335, 7449, 7628, 7835, 8193, 8577, 9276,10088,11554,13245,16384,20290,28157,38448,
/*1C0*/ 10560,10679,10787,10889,11057,11244,11574,11941,12594,13361,14759,16384,19447,23254,30899,40476,
/*1D0*/ 14873,14975,15071,15159,15307,15475,15770,16097,16696,17415,18731,20290,23254,26995,34385,43346,
/*1E0*/ 23862,23918,23975,24021,24109,24214,24401,24634,25080,25637,26768,28157,30899,34385,41135,49232,
/*1F0*/ 36757,36760,36766,36786,36789,36800,36806,36831,36896,37056,37570,38448,40476,43346,49232,56460,

/* 200 */

/*200*/   230,  400,  528,  667,  880, 1108, 1531, 1977, 2770, 3690, 5327, 7199,10671,14972,23916,36760,
/*210*/   400,  551,  684,  821, 1034, 1264, 1681, 2125, 2914, 3835, 5466, 7335,10787,15071,23975,36766,
/*220*/   528,  684,  832,  965, 1179, 1412, 1823, 2267, 3054, 3971, 5596, 7463,10901,15171,24026,36780,
/*230*/   667,  821,  965, 1105, 1312, 1548, 1960, 2403, 3184, 4099, 5721, 7579,11006,15265,24075,36791,
/*240*/   880, 1034, 1179, 1312, 1519, 1755, 2164, 2602, 3383, 4290, 5906, 7756,11173,15407,24160,36794,
/*250*/  1108, 1264, 1412, 1548, 1755, 1983, 2392, 2829, 3608, 4508, 6119, 7960,11361,15571,24265,36803,
/*260*/  1531, 1681, 1823, 1960, 2164, 2392, 2792, 3227, 4000, 4892, 6489, 8318,11688,15870,24455,36808,
/*270*/  1977, 2125, 2267, 2403, 2602, 2829, 3227, 3659, 4420, 5307, 6892, 8702,12051,16196,24683,36837,
/*280*/  2770, 2914, 3054, 3184, 3383, 3608, 4000, 4420, 5170, 6045, 7605, 9395,12699,16787,25123,36908,
/*290*/  3690, 3835, 3971, 4099, 4290, 4508, 4892, 5307, 6045, 6900, 8440,10205,13463,17501,25683,37064,
/*2A0*/  5327, 5466, 5596, 5721, 5906, 6119, 6489, 6892, 7605, 8440, 9940,11662,14855,18810,26799,37576,
/*2B0*/  7199, 7335, 7463, 7579, 7756, 7960, 8318, 8702, 9395,10205,11662,13344,16475,20359,28183,38451,
/*2C0*/ 10671,10787,10901,11006,11173,11361,11688,12051,12699,13463,14855,16475,19512,23305,30913,40479,
/*2D0*/ 14972,15071,15171,15265,15407,15571,15870,16196,16787,17501,18810,20359,23305,27018,34391,43349,
/*2E0*/ 23916,23975,24026,24075,24160,24265,24455,24683,25123,25683,26799,28183,30913,34391,41138,49235,
/*2F0*/ 36760,36766,36780,36791,36794,36803,36808,36837,36908,37064,37576,38451,40479,43349,49235,56463,

/* 300 */

/*300*/   355,  536,  667,  806, 1002, 1244, 1664, 2105, 2897, 3812, 5446, 7318,10776,15051,23970,36777,
/*310*/   536,  681,  821,  957, 1161, 1397, 1812, 2255, 3042, 3960, 5588, 7449,10889,15159,24021,36786,
/*320*/   667,  821,  965, 1105, 1312, 1548, 1960, 2403, 3184, 4099, 5721, 7579,11006,15265,24075,36791,
/*330*/   806,  957, 1105, 1261, 1468, 1701, 2110, 2554, 3332, 4241, 5861, 7713,11128,15373,24137,36794,
/*340*/  1002, 1161, 1312, 1468, 1670, 1906, 2312, 2750, 3528, 4432, 6042, 7889,11290,15512,24220,36797,
/*350*/  1244, 1397, 1548, 1701, 1906, 2136, 2542, 2980, 3755, 4653, 6258, 8094,11480,15679,24322,36806,
/*360*/  1664, 1812, 1960, 2110, 2312, 2542, 2940, 3378, 4145, 5034, 6622, 8446,11807,15972,24509,36814,
/*370*/  2105, 2255, 2403, 2554, 2750, 2980, 3378, 3804, 4565, 5449, 7025, 8832,12168,16293,24737,36840,
/*380*/  2897, 3042, 3184, 3332, 3528, 3755, 4145, 4565, 5312, 6182, 7736, 9517,12810,16884,25174,36916,
/*390*/  3812, 3960, 4099, 4241, 4432, 4653, 5034, 5449, 6182, 7034, 8565,10324,13571,17589,25737,37067,
/*3A0*/  5446, 5588, 5721, 5861, 6042, 6258, 6622, 7025, 7736, 8565,10060,11776,14955,18890,26839,37587,
/*3B0*/  7318, 7449, 7579, 7713, 7889, 8094, 8446, 8832, 9517,10324,11776,13452,16566,20435,28206,38453,
/*3C0*/ 10776,10889,11006,11128,11290,11480,11807,12168,12810,13571,14955,16566,19583,23362,30927,40482,
/*3D0*/ 15051,15159,15265,15373,15512,15679,15972,16293,16884,17589,18890,20435,23362,27047,34399,43349,
/*3E0*/ 23970,24021,24075,24137,24220,24322,24509,24737,25174,25737,26839,28206,30927,34399,41141,49238,
/*3F0*/ 36777,36786,36791,36794,36797,36806,36814,36840,36916,37067,37587,38453,40482,43349,49238,56471,

/* 400 */

/*400*/   582,  752,  880, 1002, 1221, 1457, 1866, 2304, 3099, 4011, 5639, 7497,10935,15202,24061,36780,
/*410*/   752,  894, 1034, 1161, 1372, 1608, 2017, 2457, 3244, 4153, 5773, 7628,11057,15307,24109,36789,
/*420*/   880, 1034, 1179, 1312, 1519, 1755, 2164, 2602, 3383, 4290, 5906, 7756,11173,15407,24160,36794,
/*430*/  1002, 1161, 1312, 1468, 1670, 1906, 2312, 2750, 3528, 4432, 6042, 7889,11290,15512,24220,36797,
/*440*/  1221, 1372, 1519, 1670, 1860, 2096, 2500, 2940, 3713, 4613, 6216, 8060,11443,15648,24299,36806,
/*450*/  1457, 1608, 1755, 1906, 2096, 2341, 2741, 3176, 3949, 4844, 6440, 8270,11639,15821,24407,36811,
/*460*/  1866, 2017, 2164, 2312, 2500, 2741, 3133, 3571, 4332, 5216, 6801, 8616,11963,16103,24589,36823,
/*470*/  2304, 2457, 2602, 2750, 2940, 3176, 3571, 3997, 4753, 5633, 7202, 9003,12321,16427,24813,36845,
/*480*/  3099, 3244, 3383, 3528, 3713, 3949, 4332, 4753, 5497, 6361, 7909, 9685,12960,17012,25248,36925,
/*490*/  4011, 4153, 4290, 4432, 4613, 4844, 5216, 5633, 6361, 7213, 8733,10483,13716,17711,25799,37075,
/*4A0*/  5639, 5773, 5906, 6042, 6216, 6440, 6801, 7202, 7909, 8733,10219,11926,15088,19001,26885,37598,
/*4B0*/  7497, 7628, 7756, 7889, 8060, 8270, 8616, 9003, 9685,10483,11926,13597,16688,20532,28254,38459,
/*4C0*/ 10935,11057,11173,11290,11443,11639,11963,12321,12960,13716,15088,16688,19688,23438,30944,40490,
/*4D0*/ 15202,15307,15407,15512,15648,15821,16103,16427,17012,17711,19001,20532,23438,27100,34413,43351,
/*4E0*/ 24061,24109,24160,24220,24299,24407,24589,24813,25248,25799,26885,28254,30944,34413,41147,49241,
/*4F0*/ 36780,36789,36794,36797,36806,36811,36823,36845,36925,37075,37598,38459,40490,43351,49241,56477,

/* 500 */

/*500*/   801,  980, 1108, 1244, 1457, 1684, 2093, 2539, 3324, 4224, 5849, 7707,11119,15378,24160,36797,
/*510*/   980, 1127, 1264, 1397, 1608, 1838, 2244, 2684, 3466, 4369, 5986, 7835,11244,15475,24214,36800,
/*520*/  1108, 1264, 1412, 1548, 1755, 1983, 2392, 2829, 3608, 4508, 6119, 7960,11361,15571,24265,36803,
/*530*/  1244, 1397, 1548, 1701, 1906, 2136, 2542, 2980, 3755, 4653, 6258, 8094,11480,15679,24322,36806,
/*540*/  1457, 1608, 1755, 1906, 2096, 2341, 2741, 3176, 3949, 4844, 6440, 8270,11639,15821,24407,36811,
/*550*/  1684, 1838, 1983, 2136, 2341, 2616, 3008, 3446, 4210, 5099, 6687, 8506,11858,16009,24529,36820,
/*560*/  2093, 2244, 2392, 2542, 2741, 3008, 3389, 3826, 4582, 5463, 7040, 8844,12171,16285,24700,36831,
/*570*/  2539, 2684, 2829, 2980, 3176, 3446, 3826, 4258, 5011, 5883, 7443, 9233,12531,16611,24924,36854,
/*580*/  3324, 3466, 3608, 3755, 3949, 4210, 4582, 5011, 5744, 6608, 8145, 9909,13162,17185,25353,36936,
/*590*/  4224, 4369, 4508, 4653, 4844, 5099, 5463, 5883, 6608, 7449, 8963,10705,13915,17878,25890,37087,
/*5A0*/  5849, 5986, 6119, 6258, 6440, 6687, 7040, 7443, 8145, 8963,10438,12134,15273,19157,26961,37607,
/*5B0*/  7707, 7835, 7960, 8094, 8270, 8506, 8844, 9233, 9909,10705,12134,13787,16861,20671,28319,38468,
/*5C0*/ 11119,11244,11361,11480,11639,11858,12171,12531,13162,13915,15273,16861,19830,23543,30984,40499,
/*5D0*/ 15378,15475,15571,15679,15821,16009,16285,16611,17185,17878,19157,20671,23543,27172,34430,43360,
/*5E0*/ 24160,24214,24265,24322,24407,24529,24700,24924,25353,25890,26961,28319,30984,34430,41155,49244,
/*5F0*/ 36797,36800,36803,36806,36811,36820,36831,36854,36936,37087,37607,38468,40499,43360,49244,56480,

/* 600 */

/*600*/  1227, 1397, 1531, 1664, 1866, 2093, 2505, 2943, 3707, 4616, 6230, 8062,11458,15668,24342,36803,
/*610*/  1397, 1545, 1681, 1812, 2017, 2244, 2650, 3085, 3855, 4755, 6361, 8193,11574,15770,24401,36806,
/*620*/  1531, 1681, 1823, 1960, 2164, 2392, 2792, 3227, 4000, 4892, 6489, 8318,11688,15870,24455,36808,
/*630*/  1664, 1812, 1960, 2110, 2312, 2542, 2940, 3378, 4145, 5034, 6622, 8446,11807,15972,24509,36814,
/*640*/  1866, 2017, 2164, 2312, 2500, 2741, 3133, 3571, 4332, 5216, 6801, 8616,11963,16103,24589,36823,
/*650*/  2093, 2244, 2392, 2542, 2741, 3008, 3389, 3826, 4582, 5463, 7040, 8844,12171,16285,24700,36831,
/*660*/  2505, 2650, 2792, 2940, 3133, 3389, 3741, 4179, 4929, 5804, 7366, 9159,12460,16543,24865,36848,
/*670*/  2943, 3085, 3227, 3378, 3571, 3826, 4179, 4628, 5372, 6238, 7784, 9560,12833,16878,25098,36874,
/*680*/  3707, 3855, 4000, 4145, 4332, 4582, 4929, 5372, 6096, 6952, 8477,10225,13449,17441,25515,36953,
/*690*/  4616, 4755, 4892, 5034, 5216, 5463, 5804, 6238, 6952, 7793, 9290,11014,14196,18128,26038,37110,
/*6A0*/  6230, 6361, 6489, 6622, 6801, 7040, 7366, 7784, 8477, 9290,10747,12429,15540,19384,27095,37621,
/*6B0*/  8062, 8193, 8318, 8446, 8616, 8844, 9159, 9560,10225,11014,12429,14066,17108,20881,28422,38482,
/*6C0*/ 11458,11574,11688,11807,11963,12171,12460,12833,13449,14196,15540,17108,20046,23711,31050,40507,
/*6D0*/ 15668,15770,15870,15972,16103,16285,16543,16878,17441,18128,19384,20881,23711,27285,34453,43374,
/*6E0*/ 24342,24401,24455,24509,24589,24700,24865,25098,25515,26038,27095,28422,31050,34453,41167,49247,
/*6F0*/ 36803,36806,36808,36814,36823,36831,36848,36874,36953,37110,37621,38482,40507,43374,49247,56486,

/* 700 */

/*700*/  1701, 1843, 1977, 2105, 2304, 2539, 2943, 3369, 4133, 5037, 6628, 8452,11824,15992,24589,36828,
/*710*/  1843, 1991, 2125, 2255, 2457, 2684, 3085, 3517, 4281, 5173, 6761, 8577,11941,16097,24634,36831,
/*720*/  1977, 2125, 2267, 2403, 2602, 2829, 3227, 3659, 4420, 5307, 6892, 8702,12051,16196,24683,36837,
/*730*/  2105, 2255, 2403, 2554, 2750, 2980, 3378, 3804, 4565, 5449, 7025, 8832,12168,16293,24737,36840,
/*740*/  2304, 2457, 2602, 2750, 2940, 3176, 3571, 3997, 4753, 5633, 7202, 9003,12321,16427,24813,36845,
/*750*/  2539, 2684, 2829, 2980, 3176, 3446, 3826, 4258, 5011, 5883, 7443, 9233,12531,16611,24924,36854,
/*760*/  2943, 3085, 3227, 3378, 3571, 3826, 4179, 4628, 5372, 6238, 7784, 9560,12833,16878,25098,36874,
/*770*/  3369, 3517, 3659, 3804, 3997, 4258, 4628, 5139, 5866, 6727, 8256,10009,13253,17253,25356,36911,
/*780*/  4133, 4281, 4420, 4565, 4753, 5011, 5372, 5866, 6571, 7420, 8926,10659,13850,17799,25751,36990,
/*790*/  5037, 5173, 5307, 5449, 5633, 5883, 6238, 6727, 7420, 8264, 9742,11446,14594,18478,26274,37155,
/*7A0*/  6628, 6761, 6892, 7025, 7202, 7443, 7784, 8256, 8926, 9742,11179,12838,15912,19711,27299,37658,
/*7B0*/  8452, 8577, 8702, 8832, 9003, 9233, 9560,10009,10659,11446,12838,14461,17461,21180,28598,38513,
/*7C0*/ 11824,11941,12051,12168,12321,12531,12833,13253,13850,14594,15912,17461,20350,23961,31172,40527,
/*7D0*/ 15992,16097,16196,16293,16427,16611,16878,17253,17799,18478,19711,21180,23961,27470,34507,43391,
/*7E0*/ 24589,24634,24683,24737,24813,24924,25098,25356,25751,26274,27299,28598,31172,34507,41187,49255,
/*7F0*/ 36828,36831,36837,36840,36845,36854,36874,36911,36990,37155,37658,38513,40527,43391,49255,56497,

/* 800 */

/*800*/  2471, 2645, 2770, 2897, 3099, 3324, 3707, 4133, 4903, 5775, 7344, 9153,12489,16606,25032,36891,
/*810*/  2645, 2787, 2914, 3042, 3244, 3466, 3855, 4281, 5037, 5912, 7477, 9276,12594,16696,25080,36896,
/*820*/  2770, 2914, 3054, 3184, 3383, 3608, 4000, 4420, 5170, 6045, 7605, 9395,12699,16787,25123,36908,
/*830*/  2897, 3042, 3184, 3332, 3528, 3755, 4145, 4565, 5312, 6182, 7736, 9517,12810,16884,25174,36916,
/*840*/  3099, 3244, 3383, 3528, 3713, 3949, 4332, 4753, 5497, 6361, 7909, 9685,12960,17012,25248,36925,
/*850*/  3324, 3466, 3608, 3755, 3949, 4210, 4582, 5011, 5744, 6608, 8145, 9909,13162,17185,25353,36936,
/*860*/  3707, 3855, 4000, 4145, 4332, 4582, 4929, 5372, 6096, 6952, 8477,10225,13449,17441,25515,36953,
/*870*/  4133, 4281, 4420, 4565, 4753, 5011, 5372, 5866, 6571, 7420, 8926,10659,13850,17799,25751,36990,
/*880*/  4903, 5037, 5170, 5312, 5497, 5744, 6096, 6571, 7224, 8074, 9554,11264,14415,18305,26115,37081,
/*890*/  5775, 5912, 6045, 6182, 6361, 6608, 6952, 7420, 8074, 8940,10392,12074,15174,18995,26649,37257,
/*8A0*/  7344, 7477, 7605, 7736, 7909, 8145, 8477, 8926, 9554,10392,11798,13432,16455,20194,27629,37749,
/*8B0*/  9153, 9276, 9395, 9517, 9685, 9909,10225,10659,11264,12074,13432,15032,17983,21634,28893,38590,
/*8C0*/ 12489,12594,12699,12810,12960,13162,13449,13850,14415,15174,16455,17983,20813,24345,31396,40581,
/*8D0*/ 16606,16696,16787,16884,17012,17185,17441,17799,18305,18995,20194,21634,24345,27768,34649,43422,
/*8E0*/ 25032,25080,25123,25174,25248,25353,25515,25751,26115,26649,27629,28893,31396,34649,41226,49272,
/*8F0*/ 36891,36896,36908,36916,36925,36936,36953,36990,37081,37257,37749,38590,40581,43422,49272,56511,

/* 900 */

/*900*/  3403, 3574, 3690, 3812, 4011, 4224, 4616, 5037, 5775, 6639, 8193, 9972,13256,17330,25603,37047,
/*910*/  3574, 3704, 3835, 3960, 4153, 4369, 4755, 5173, 5912, 6773, 8318,10088,13361,17415,25637,37056,
/*920*/  3690, 3835, 3971, 4099, 4290, 4508, 4892, 5307, 6045, 6900, 8440,10205,13463,17501,25683,37064,
/*930*/  3812, 3960, 4099, 4241, 4432, 4653, 5034, 5449, 6182, 7034, 8565,10324,13571,17589,25737,37067,
/*940*/  4011, 4153, 4290, 4432, 4613, 4844, 5216, 5633, 6361, 7213, 8733,10483,13716,17711,25799,37075,
/*950*/  4224, 4369, 4508, 4653, 4844, 5099, 5463, 5883, 6608, 7449, 8963,10705,13915,17878,25890,37087,
/*960*/  4616, 4755, 4892, 5034, 5216, 5463, 5804, 6238, 6952, 7793, 9290,11014,14196,18128,26038,37110,
/*970*/  5037, 5173, 5307, 5449, 5633, 5883, 6238, 6727, 7420, 8264, 9742,11446,14594,18478,26274,37155,
/*980*/  5775, 5912, 6045, 6182, 6361, 6608, 6952, 7420, 8074, 8940,10392,12074,15174,18995,26649,37257,
/*990*/  6639, 6773, 6900, 7034, 7213, 7449, 7793, 8264, 8940, 9906,11318,12966,16006,19756,27234,37479,
/*9A0*/  8193, 8318, 8440, 8565, 8733, 8963, 9290, 9742,10392,11318,12665,14276,17233,20898,28155,37959,
/*9B0*/  9972,10088,10205,10324,10483,10705,11014,11446,12074,12966,14276,15861,18745,22313,29385,38777,
/*9C0*/ 13256,13361,13463,13571,13716,13915,14196,14594,15174,16006,17233,18745,21501,24944,31780,40712,
/*9D0*/ 17330,17415,17501,17589,17711,17878,18128,18478,18995,19756,20898,22313,24944,28268,34936,43508,
/*9E0*/ 25603,25637,25683,25737,25799,25890,26038,26274,26649,27234,28155,29385,31780,34936,41340,49315,
/*9F0*/ 37047,37056,37064,37067,37075,37087,37110,37155,37257,37479,37959,38777,40712,43508,49315,56534,

/* A00 */

/*A00*/  5071, 5207, 5327, 5446, 5639, 5849, 6230, 6628, 7344, 8193, 9705,11446,14659,18648,26743,37567,
/*A10*/  5207, 5341, 5466, 5588, 5773, 5986, 6361, 6761, 7477, 8318, 9824,11554,14759,18731,26768,37570,
/*A20*/  5327, 5466, 5596, 5721, 5906, 6119, 6489, 6892, 7605, 8440, 9940,11662,14855,18810,26799,37576,
/*A30*/  5446, 5588, 5721, 5861, 6042, 6258, 6622, 7025, 7736, 8565,10060,11776,14955,18890,26839,37587,
/*A40*/  5639, 5773, 5906, 6042, 6216, 6440, 6801, 7202, 7909, 8733,10219,11926,15088,19001,26885,37598,
/*A50*/  5849, 5986, 6119, 6258, 6440, 6687, 7040, 7443, 8145, 8963,10438,12134,15273,19157,26961,37607,
/*A60*/  6230, 6361, 6489, 6622, 6801, 7040, 7366, 7784, 8477, 9290,10747,12429,15540,19384,27095,37621,
/*A70*/  6628, 6761, 6892, 7025, 7202, 7443, 7784, 8256, 8926, 9742,11179,12838,15912,19711,27299,37658,
/*A80*/  7344, 7477, 7605, 7736, 7909, 8145, 8477, 8926, 9554,10392,11798,13432,16455,20194,27629,37749,
/*A90*/  8193, 8318, 8440, 8565, 8733, 8963, 9290, 9742,10392,11318,12665,14276,17233,20898,28155,37959,
/*AA0*/  9705, 9824, 9940,10060,10219,10438,10747,11179,11798,12665,13892,15483,18370,21938,28993,38408,
/*AB0*/ 11446,11554,11662,11776,11926,12134,12429,12838,13432,14276,15483,17106,19896,23362,30214,39218,
/*AC0*/ 14659,14759,14855,14955,15088,15273,15540,15912,16455,17233,18370,19896,22543,25887,32476,41042,
/*AD0*/ 18648,18731,18810,18890,19001,19157,19384,19711,20194,20898,21938,23362,25887,29112,35490,43738,
/*AE0*/ 26743,26768,26799,26839,26885,26961,27095,27299,27629,28155,28993,30214,32476,35490,41630,49428,
/*AF0*/ 37567,37570,37576,37587,37598,37607,37621,37658,37749,37959,38408,39218,41042,43738,49428,56594,

/* B00 */

/*B00*/  6940, 7082, 7199, 7318, 7497, 7707, 8062, 8452, 9153, 9972,11446,13142,16293,20231,28118,38445,
/*B10*/  7082, 7213, 7335, 7449, 7628, 7835, 8193, 8577, 9276,10088,11554,13245,16384,20290,28157,38448,
/*B20*/  7199, 7335, 7463, 7579, 7756, 7960, 8318, 8702, 9395,10205,11662,13344,16475,20359,28183,38451,
/*B30*/  7318, 7449, 7579, 7713, 7889, 8094, 8446, 8832, 9517,10324,11776,13452,16566,20435,28206,38453,
/*B40*/  7497, 7628, 7756, 7889, 8060, 8270, 8616, 9003, 9685,10483,11926,13597,16688,20532,28254,38459,
/*B50*/  7707, 7835, 7960, 8094, 8270, 8506, 8844, 9233, 9909,10705,12134,13787,16861,20671,28319,38468,
/*B60*/  8062, 8193, 8318, 8446, 8616, 8844, 9159, 9560,10225,11014,12429,14066,17108,20881,28422,38482,
/*B70*/  8452, 8577, 8702, 8832, 9003, 9233, 9560,10009,10659,11446,12838,14461,17461,21180,28598,38513,
/*B80*/  9153, 9276, 9395, 9517, 9685, 9909,10225,10659,11264,12074,13432,15032,17983,21634,28893,38590,
/*B90*/  9972,10088,10205,10324,10483,10705,11014,11446,12074,12966,14276,15861,18745,22313,29385,38777,
/*BA0*/ 11446,11554,11662,11776,11926,12134,12429,12838,13432,14276,15483,17106,19896,23362,30214,39218,
/*BB0*/ 13142,13245,13344,13452,13597,13787,14066,14461,15032,15861,17106,18898,21572,24924,31521,40110,
/*BC0*/ 16293,16384,16475,16566,16688,16861,17108,17461,17983,18745,19896,21572,24078,27305,33635,41772,
/*BD0*/ 20231,20290,20359,20435,20532,20671,20881,21180,21634,22313,23362,24924,27305,30436,36510,44329,
/*BE0*/ 28118,28157,28183,28206,28254,28319,28422,28598,28893,29385,30214,31521,33635,36510,42289,49752,
/*BF0*/ 38445,38448,38451,38453,38459,38468,38482,38513,38590,38777,39218,40110,41772,44329,49752,56767,

/* C00 */

/*C00*/ 10426,10560,10671,10776,10935,11119,11458,11824,12489,13256,14659,16293,19381,23208,30893,40473,
/*C10*/ 10560,10679,10787,10889,11057,11244,11574,11941,12594,13361,14759,16384,19447,23254,30899,40476,
/*C20*/ 10671,10787,10901,11006,11173,11361,11688,12051,12699,13463,14855,16475,19512,23305,30913,40479,
/*C30*/ 10776,10889,11006,11128,11290,11480,11807,12168,12810,13571,14955,16566,19583,23362,30927,40482,
/*C40*/ 10935,11057,11173,11290,11443,11639,11963,12321,12960,13716,15088,16688,19688,23438,30944,40490,
/*C50*/ 11119,11244,11361,11480,11639,11858,12171,12531,13162,13915,15273,16861,19830,23543,30984,40499,
/*C60*/ 11458,11574,11688,11807,11963,12171,12460,12833,13449,14196,15540,17108,20046,23711,31050,40507,
/*C70*/ 11824,11941,12051,12168,12321,12531,12833,13253,13850,14594,15912,17461,20350,23961,31172,40527,
/*C80*/ 12489,12594,12699,12810,12960,13162,13449,13850,14415,15174,16455,17983,20813,24345,31396,40581,
/*C90*/ 13256,13361,13463,13571,13716,13915,14196,14594,15174,16006,17233,18745,21501,24944,31780,40712,
/*CA0*/ 14659,14759,14855,14955,15088,15273,15540,15912,16455,17233,18370,19896,22543,25887,32476,41042,
/*CB0*/ 16293,16384,16475,16566,16688,16861,17108,17461,17983,18745,19896,21572,24078,27305,33635,41772,
/*CC0*/ 19381,19447,19512,19583,19688,19830,20046,20350,20813,21501,22543,24078,26359,29484,35516,43235,
/*CD0*/ 23208,23254,23305,23362,23438,23543,23711,23961,24345,24944,25887,27305,29484,32595,38334,45664,
/*CE0*/ 30893,30899,30913,30927,30944,30984,31050,31172,31396,31780,32476,33635,35516,38334,43675,50622,
/*CF0*/ 40473,40476,40479,40482,40490,40499,40507,40527,40581,40712,41042,41772,43235,45664,50622,57247,

/* D00 */

/*D00*/ 14762,14873,14972,15051,15202,15378,15668,15992,16606,17330,18648,20231,23208,26964,34385,43346,
/*D10*/ 14873,14975,15071,15159,15307,15475,15770,16097,16696,17415,18731,20290,23254,26995,34385,43346,
/*D20*/ 14972,15071,15171,15265,15407,15571,15870,16196,16787,17501,18810,20359,23305,27018,34391,43349,
/*D30*/ 15051,15159,15265,15373,15512,15679,15972,16293,16884,17589,18890,20435,23362,27047,34399,43349,
/*D40*/ 15202,15307,15407,15512,15648,15821,16103,16427,17012,17711,19001,20532,23438,27100,34413,43351,
/*D50*/ 15378,15475,15571,15679,15821,16009,16285,16611,17185,17878,19157,20671,23543,27172,34430,43360,
/*D60*/ 15668,15770,15870,15972,16103,16285,16543,16878,17441,18128,19384,20881,23711,27285,34453,43374,
/*D70*/ 15992,16097,16196,16293,16427,16611,16878,17253,17799,18478,19711,21180,23961,27470,34507,43391,
/*D80*/ 16606,16696,16787,16884,17012,17185,17441,17799,18305,18995,20194,21634,24345,27768,34649,43422,
/*D90*/ 17330,17415,17501,17589,17711,17878,18128,18478,18995,19756,20898,22313,24944,28268,34936,43508,
/*DA0*/ 18648,18731,18810,18890,19001,19157,19384,19711,20194,20898,21938,23362,25887,29112,35490,43738,
/*DB0*/ 20231,20290,20359,20435,20532,20671,20881,21180,21634,22313,23362,24924,27305,30436,36510,44329,
/*DC0*/ 23208,23254,23305,23362,23438,23543,23711,23961,24345,24944,25887,27305,29484,32595,38334,45664,
/*DD0*/ 26964,26995,27018,27047,27100,27172,27285,27470,27768,28268,29112,30436,32595,35979,41312,48159,
/*DE0*/ 34385,34385,34391,34399,34413,34430,34453,34507,34649,34936,35490,36510,38334,41312,46139,52514,
/*DF0*/ 43346,43346,43349,43349,43351,43360,43374,43391,43422,43508,43738,44329,45664,48159,52514,58506,

/* E00 */

/*E00*/ 23799,23862,23916,23970,24061,24160,24342,24589,25032,25603,26743,28118,30893,34385,41133,49230,
/*E10*/ 23862,23918,23975,24021,24109,24214,24401,24634,25080,25637,26768,28157,30899,34385,41135,49232,
/*E20*/ 23916,23975,24026,24075,24160,24265,24455,24683,25123,25683,26799,28183,30913,34391,41138,49235,
/*E30*/ 23970,24021,24075,24137,24220,24322,24509,24737,25174,25737,26839,28206,30927,34399,41141,49238,
/*E40*/ 24061,24109,24160,24220,24299,24407,24589,24813,25248,25799,26885,28254,30944,34413,41147,49241,
/*E50*/ 24160,24214,24265,24322,24407,24529,24700,24924,25353,25890,26961,28319,30984,34430,41155,49244,
/*E60*/ 24342,24401,24455,24509,24589,24700,24865,25098,25515,26038,27095,28422,31050,34453,41167,49247,
/*E70*/ 24589,24634,24683,24737,24813,24924,25098,25356,25751,26274,27299,28598,31172,34507,41187,49255,
/*E80*/ 25032,25080,25123,25174,25248,25353,25515,25751,26115,26649,27629,28893,31396,34649,41226,49272,
/*E90*/ 25603,25637,25683,25737,25799,25890,26038,26274,26649,27234,28155,29385,31780,34936,41340,49315,
/*EA0*/ 26743,26768,26799,26839,26885,26961,27095,27299,27629,28155,28993,30214,32476,35490,41630,49428,
/*EB0*/ 28118,28157,28183,28206,28254,28319,28422,28598,28893,29385,30214,31521,33635,36510,42289,49752,
/*EC0*/ 30893,30899,30913,30927,30944,30984,31050,31172,31396,31780,32476,33635,35516,38334,43675,50622,
/*ED0*/ 34385,34385,34391,34399,34413,34430,34453,34507,34649,34936,35490,36510,38334,41312,46139,52514,
/*EE0*/ 41133,41135,41138,41141,41147,41155,41167,41187,41226,41340,41630,42289,43675,46139,50235,56054,
/*EF0*/ 49230,49232,49235,49238,49241,49244,49247,49255,49272,49315,49428,49752,50622,52514,56054,61273,

/* F00 */

/*F00*/ 36754,36757,36760,36777,36780,36797,36803,36828,36891,37047,37567,38445,40473,43346,49230,56457,
/*F10*/ 36757,36760,36766,36786,36789,36800,36806,36831,36896,37056,37570,38448,40476,43346,49232,56460,
/*F20*/ 36760,36766,36780,36791,36794,36803,36808,36837,36908,37064,37576,38451,40479,43349,49235,56463,
/*F30*/ 36777,36786,36791,36794,36797,36806,36814,36840,36916,37067,37587,38453,40482,43349,49238,56471,
/*F40*/ 36780,36789,36794,36797,36806,36811,36823,36845,36925,37075,37598,38459,40490,43351,49241,56477,
/*F50*/ 36797,36800,36803,36806,36811,36820,36831,36854,36936,37087,37607,38468,40499,43360,49244,56480,
/*F60*/ 36803,36806,36808,36814,36823,36831,36848,36874,36953,37110,37621,38482,40507,43374,49247,56486,
/*F70*/ 36828,36831,36837,36840,36845,36854,36874,36911,36990,37155,37658,38513,40527,43391,49255,56497,
/*F80*/ 36891,36896,36908,36916,36925,36936,36953,36990,37081,37257,37749,38590,40581,43422,49272,56511,
/*F90*/ 37047,37056,37064,37067,37075,37087,37110,37155,37257,37479,37959,38777,40712,43508,49315,56534,
/*FA0*/ 37567,37570,37576,37587,37598,37607,37621,37658,37749,37959,38408,39218,41042,43738,49428,56594,
/*FB0*/ 38445,38448,38451,38453,38459,38468,38482,38513,38590,38777,39218,40110,41772,44329,49752,56767,
/*FC0*/ 40473,40476,40479,40482,40490,40499,40507,40527,40581,40712,41042,41772,43235,45664,50622,57247,
/*FD0*/ 43346,43346,43349,43349,43351,43360,43374,43391,43422,43508,43738,44329,45664,48159,52514,58506,
/*FE0*/ 49230,49232,49235,49238,49241,49244,49247,49255,49272,49315,49428,49752,50622,52514,56054,61273,
/*FF0*/ 56457,56460,56463,56471,56477,56480,56486,56497,56511,56534,56594,56767,57247,58506,61273,65535,
}
